76
192
192
192
215
319
339
468
542
578
682
1005
1039
1039
1211
1211
1297
1718
1780
1868
1909
1909
1974
2164
2164
2505
2505
2697
2740
2865
2902
2902
2969
3028
3335
3335
3648
4094
4301
4313
4371
4380
4435
4615
4690
4697
4745
4767
4802
4809
4809
4938
5117
5117
5117
5225
5441
6347
6495
6690
6869
6892
7234
7565
7623
7752
7752
8013
8035
9064
9100
9151
9325
9325
9586
11052
11068
11181
11181
11397
11425
11425
11547
11705
11767
11993
12028
12028
12170
12170
12190
12248
12286
12324
12324
12447
12447
12447
12453
12706
12902
12983
12995
13046
13071
13225
13241
13241
13511
13635
13851
13867
13918
13918
14633
14745
14765
15212
15212
15398
15465
15468
15894
16211
16211
16380
16838
16915
17286
17370
17439
17739
17850
18329
18610
18713
18825
18861
19137
19137
19821
19967
20113
20286
20479
20504
20583
20674
20674
20738
20739
20753
21349
21934
22224
22682
22682
22695
22695
23005
23120
23304
23427
23427
23561
23722
23811
23836
23837
24239
24239
24392
24413
24413
24428
24633
24633
25228
25424
25521
25682
25686
25874
25913
25931
26266
26573
26716
26811
26919
27062
27064
27117
27117
27218
27236
27380
27459
27459
27660
27820
27820
27985
27985
28169
28387
28398
28398
28432
28518
28532
28806
29072
29331
29481
29674
30338
30426
30530
30530
30581
30663
30733
30733
30868
31504
31673
31722
31925
32219
32219
32219
32239
32383
32711
32814
32957
32976
32979
33102
33183
33405
33587
33618
33773
34065
34088
34122
34122
34312
34402
34430
34646
34800
34800
34800
34801
34856
34910
34910
34974
35430
35663
36246
36436
36515
36656
37014
37081
37143
37208
37210
37289
37542
37554
37756
37893
38002
38002
38039
38732
38950
39038
39286
39460
39621
39777
40117
40117
40142
40801
40801
40832
40937
40963
41126
41219
41653
41717
41818
41848
41901
41901
42004
42004
42186
42228
42389
42426
42426
42426
42776
42986
42986
43148
43155
43158
43203
43223
43223
43223
43338
43519
43543
43554
43569
43601
43602
43605
43660
43682
43749
43760
43856
43998
44043
44102
44248
44336
44336
44433
44715
44995
45058
45179
45514
45560
45723
45774
45847
45909
45909
46112
46211
46232
46252
46460
46513
46594
46892
47136
47798
48052
48120
48120
48170
48271
48317
48359
48666
48792
48983
49146
49237
49237
49237
49411
49672
49672
49688
49911
49961
50130
50300
50358
50542
50644
51020
51142
51368
51487
51588
51596
51973
52110
52116
52210
52210
52446
52446
52692
52711
52712
52851
53003
53488
53488
53488
53542
53903
54078
55982
56018
56035
56044
56047
56048
56049
56066
56081
56166
56414
56444
56459
56464
56492
56493
56503
56535
56538
56592
56592
56617
56814
56826
56878
56885
57136
57248
57360
57412
57579
57632
57695
57793
57911
57976
58036
58159
58250
58285
58576
58579
58603
58680
58709
58741
58742
58755
58768
58946
59074
59074
59115
59149
59236
59238
59240
59275
59298
59311
59497
59502
59681
59964
60054
60057
60254
60315
60360
60364
60474
60493
60669
60717
60734
60950
60988
61127
61151
61194
61205
61321
61323
61324
61325
61454
61490
61504
61560
61610
61615
61623
61623
61757
61849
61851
61852
61854
61855
61856
61857
61858
61912
61958
62002
62118
62118
62203
62300
62322
62323
62326
62351
62399
62476
62488
62535
62598
62604
62612
62619
62630
62634
62642
62645
62655
62656
62657
62658
62659
62662
62673
62789
62905
62919
62921
62924
62925
62928
62932
63015
63027
63033
63105
63149
63152
63165
63194
63198
63200
63206
63302
63302
63413
63414
63416
63418
63543
63544
63557
63566
63740
63757
63806
63856
63882
63883
63932
64000
64005
64014
64034
64044
64090
64097
64106
64115
64229
64320
64407
64410
64442
64914
65012
65052
65200
65213
65242
65319
65359
65363
65364
65365
65366
65367
65465
65684
65784
65806
65932
65960
66158
66173
66295
66405
66412
66458
66540
66641
66682
66686
66687
66715
66743
66752
66755
66768
66804
66862
66871
66923
66946
66951
66962
67043
67046
67047
67048
67199
67199
67262
67266
67272
67599
67615
67869
67870
67873
67876
67879
67880
67885
67886
67987
68009
68013
68019
68025
68092
68099
68103
68123
68200
68269
68277
68295
68316
68324
68340
68362
68413
68466
68483
68484
68515
68536
68557
68602
68827
68828
68899
68910
68924
68925
68928
68934
68937
68938
68953
69231
69274
69321
69323
69326
69385
70207
70267
70268
70280
70284
70601
70650
70652
70658
70734
70777
71239
71241
71639
71688
71707
71850
71921
71943
71955
72001
72041
72120
72122
72123
72138
72148
72154
72155
72193
72199
72212
72262
72278
72337
72427
72437
83455
83463
83558
83665
83759
84066
84179
84465
84481
84619
84734
84850
85083
85135
85437
85478
85764
85775
85775
85804
85804
85835
86012
86072
86072
86788
86789
86882
86882
87380
87607
87660
87800
88276
88417
88666
88745
88886
88958
89026
89388
89393
90180
90180
90244
90328
90404
90779
90795
90828
90928
90999
91223
91223
91327
91355
91355
91380
91549
91549
91583
91583
91590
91873
93117
93117
93302
93410
93467
93545
93794
94539
94539
94642
94646
94892
94892
69334
