163
427
1595
1595
1859
1884
2161
2828
3659
3998
4512
5199
5813
5813
5866
5943
5943
6674
6674
7508
7768
8313
8346
8527
9210
10104
10537
10537
11007
11678
12054
12179
12714
12992
13594
13905
14593
14901
15077
15469
15726
15734
15757
15757
15768
15768
16217
16329
16541
17009
18887
18962
19007
19115
19908
20755
20755
20800
20828
21319
21859
22706
22873
23064
23935
24406
24664
24664
24840
25321
25321
25893
26230
26282
26282
26750
27153
27153
27545
28076
28253
28648
29238
29238
29360
29654
30004
30015
31154
31435
31435
31651
31728
31728
31738
31738
31880
31880
32386
32802
32858
33120
33120
33897
34869
35061
35482
35633
36008
36088
36992
37084
37160
38355
38455
38455
39531
39605
40709
41709
42087
42870
42944
43374
43390
43395
43658
44136
44606
44608
44654
44654
44749
45116
45213
45441
45441
45490
45536
45593
45662
45750
45878
45960
46750
47185
47818
47939
48481
48549
48946
48946
49021
49022
49536
50541
51812
51944
52299
52433
52486
53479
53518
53518
53534
53534
53782
83611
85100
85225
85247
88183
89260
89549
90923
90983
90998
91104
91197
91710
92015
92842
92842
93003
93289
93541
94203
94523
35395
25431
20485
33864
35395
25431
20485
33864
20421
37
23353
11507
8945
6516
43210
45501
94468
18639
19242
89868
2055
33362
51077
6937
9460
14658
43618
48145
21459
47470
11460
143
11471
30017
3279
5721
6977
28113
34560
47395
10820
25158
10092
91539
51550
9360
17922
24457
31752
9910
12140
50664
53467
32601
5196
10089
5118
92011
29564
45716
6542
44
30687
6244
83715
11260
43200
87798
24630
29808
15213
18266
5871
7894
34575
90376
11506
41243
38253
43234
28004
3778
43225
12994
92114
18370
15684
12898
88782
16372
26186
9214
27767
17654
48896
32811
37391
12813
52534
90547
91253
648
92056
93042
88852
91381
16466
27439
24067
46619
91798
33173
12214
13588
9995
4418
36925
84847
6201
27287
38837
53647
6139
87191
30954
33039
91715
12935
48627
9377
32110
6794
91823
85117
2213
36326
91335
3247
85099
12660
20854
